['Left eye', 'Right eye', 'scroll', 'Right eye', '', 'relic', '', '', 'Rakuyo']
-4140
-4140
-2974
-3990
-3290
-3807
-4140
-2974
-4140
-3290
-2780
-2280
-2430
-2890
-2690
-2430
-2430
-2940
-2940
-2180
-2130
-1980
-1980
-1680
-1980
-1980
-2180
-2180
-2940
-2940
-4640
-4640
-4640
-4640
-4690
-4690
-4790
-4790
-5090
-5090
-5140
-4140
-4140
-3440
-3740
-3440
-3840
-3440
-3340
-3840
-3940
-3340
-3340
-3940
-3840
-3340
-3840
-3440
-3740
-3440
-3140
-3140
-3140
-3140
-2740
-2840
-3040
-2840
-3140
-3140
-4040
-4040
-4140
-4440
-4440
-4440
-4340
-4140
-4140
-4340
-3940
-3240
-3940
-3440
-3740
-3440
-3940
-3940
-3440
-3240
-3940
-3440
-3940
-3240
-3940
-3440
-3740
-3440
-4340
-3440
-4340
-2840
-4140
-3140
-3140
-4140
-4540
-4640
-5040
-5140
-5140
-4640
-4640
-4340
-4340
-3440
-2840
-2840
-2840
-2540
-2540
-2540
-2540
-2040
-3740
-3440
-4140
-3440
-3040
-4140
-4140
-3440
-3740
-3440
-4140
-3240
-2840
-2840
-2340
-2640
-2340
-2640
-2140
-2140
-2140
-2140
-1640
-1640
-1640
-1640
-1340
-1340
-1340
-1340
-740
-740
-740
-740
-440
-440
-40
-240
-240
-240
360
260
260
-140
-140
-440
-140
-540
-640
60
-140
-640
-440
-140
-840
-140
-840
-840
-440
260
260
260
260
760
760
260
260
1460
1060
1060
560
1060
560
1260
560
5610
5010
5010
5210
5210
4760
4560
4560
4460
4460
5160
4610
4510
4510
3760
3760
3760
3760
3610
3660
3660
3660
3710
3310
3310
3310
3360
3310
3310
3310
4660
5110
4660
5010
4760
5010
4660
5010
5110
4660
4660
3310
3310
3310
3210
3210
3110
3110
3010
3010
3010
3010
2810
2810
2710
2710
2710
2710
2610
2610
2710
3010
2710
3110
2710
2710
2410
2210
2310
2110
3010
2710
2710
3110
2710
2710
2210
2410
2310
2110
2010
2010
2010
2010
1010
1010
2310
2510
2510
2310
910
910
510
510
510
510
210
210
110
110
-490
-590
-140
-140
-700
-700
-490
-490
-290
-990
-990
-990
-790
-1590
-1590
-1590
-1590
-890
-590
-590
-1090
-1090
-390
-1090
-1890
-1890
-1890
-1890
-2490
-2490
-2490
-2490
-3290
-3290
-1390
-1390
-1290
-1490
-1590
-1890
-1590
-1890
-1990
-1590
-2090
-1390
-2090
-1590
-1590
-1890
-2290
-1590
-2290
-1190
-2290
-1590
-1890
-1590
-2490
-2490
-2790
-2790
-3090
-3190
-3190
-2790
-2790
-2190
-2190
-1590
-790
-790
-790
-790
-390
-390
-390
-390
10
10
10
610
410
10
510
210
510
510
-190
-190
-1190
-1190
-190
-190
910
910
910
910
1310
-1740
-410
3510
310
True
False
-3230
1210
-3610
100
-830
910
-3570
-3790
810
990
-2040
-780
-1710
-590
-3510
-3690
True
True
False
True
True
False
False
False
playersteve
109
113
11
9741
9814
9959
70
74
33
55
63
12
74
71
33
1488.7342412199837
1475.6424344347747
156.44046496902996
